[gd_scene load_steps=5 format=3 uid="uid://bd3vna25w7f45"]

[ext_resource type="PackedScene" uid="uid://d402t4h56qfp" path="res://scn/objects/block/block.tscn" id="1_yarac"]
[ext_resource type="PackedScene" uid="uid://vlapvm56tbkt" path="res://scn/objects/player/player.tscn" id="2_8b77e"]

[sub_resource type="BoxMesh" id="BoxMesh_fgtdq"]
size = Vector3(10, 0.5, 10)

[sub_resource type="BoxShape3D" id="BoxShape3D_yarac"]
size = Vector3(10, 0.5, 10)

[node name="Level1" type="Node3D"]

[node name="Camera3D" type="Camera3D" parent="."]
transform = Transform3D(1, 0, 0, 0, 0.960289, 0.279008, 0, -0.279008, 0.960289, 0.0706164, 3.89429, 6.38531)
fov = 75.7502

[node name="Floor" type="StaticBody3D" parent="."]
metadata/_edit_group_ = true

[node name="MeshInstance3D" type="MeshInstance3D" parent="Floor"]
mesh = SubResource("BoxMesh_fgtdq")

[node name="CollisionShape3D" type="CollisionShape3D" parent="Floor"]
shape = SubResource("BoxShape3D_yarac")

[node name="DirectionalLight3D" type="DirectionalLight3D" parent="."]
transform = Transform3D(1, 0, 0, 0, 0.369747, 0.929133, 0, -0.929133, 0.369747, 0, 8.03836, 0)
shadow_enabled = true

[node name="Blocks" type="Node3D" parent="."]

[node name="Block1" parent="Blocks" instance=ExtResource("1_yarac")]
transform = Transform3D(1, 0, 0, 0, -0.318959, -0.947768, 0, 0.947768, -0.318959, -0.775791, 5.21091, 1.77925)

[node name="Block2" parent="Blocks" instance=ExtResource("1_yarac")]
transform = Transform3D(0.999816, -0.00991618, 0.0164381, -7.48572e-08, -0.856267, -0.516533, 0.0191974, 0.516438, -0.856109, -0.717345, 6.96281, 1.07291)

[node name="Block3" parent="Blocks" instance=ExtResource("1_yarac")]
transform = Transform3D(1, 0, 0, 0, 0.856267, 0.516533, 0, -0.516533, 0.856267, -0.0783806, 3.69125, -0.0985224)

[node name="Block4" parent="Blocks" instance=ExtResource("1_yarac")]
transform = Transform3D(0.999816, 0.00991594, 0.0164381, 0.00151609, -0.894381, 0.447303, 0.0191374, -0.447196, -0.894231, 0.0854287, 5.32723, -0.904209)

[node name="Player" parent="." instance=ExtResource("2_8b77e")]
transform = Transform3D(1, 0, 0, 0, 1, 0, 0, 0, 1, -2.92084, 1.45633, 0)
